

####################### al_bottom_asym_sin_double_offset_fixsin_func #######################
chi_square / ndof =    9.20435/12
p0 =   0.0623444 +- 0.028867
p1 =   8.08142 +- 0.22349
p2 =   0 +- 0
p3 =   -0.196829 +- 0.0172777
